2026013000021
2026013000029
2026013000037
2026013000045
2026013000053
2026013000061
2026013000069
2026013000077
2026013000085
2026013000093
2026013000101
2026013000109
2026013000117
2026013000125
2026013000133
2026013000141
2026013000149
2026013000157
2026013000165
2026013000173
2026013000181
2026013000189
2026013000197
2026013000205
2026013000213
2026013000221
2026013000229
2026013000237
2026013000245
2026013000253
2026013000261
2026013000269
2026013000277
2026013000285
2026013000293
2026013000301
2026013000309
2026013000317
2026013000325
2026013000333
2026013000341
2026013000349
2026013000357
2026013000365
2026013000373
2026013000381
2026013000389
2026013000397
2026013000405
2026013000413
2026013000421
2026013000429
2026013000437
2026013000445
2026013000453
2026013000461
2026013000469
2026013000477
2026013000485
2026013000493
2026013000501
2026013000509
2026013000517
2026013000525
2026013000533
2026013000541
2026013000549
2026013000557
2026013000565
2026013000573
2026013000581
2026013000589
2026013000597
2026013000605
2026013000613
2026013000621
2026013000629
2026013000637
2026013000645
2026013000653
2026013000661
2026013000669
2026013000677
2026013000685
2026013000693
2026013000701
2026013000709
2026013000717
2026013100176
